4294967296
4381731388
4470248230
4560553211
4652682407
4746672583
4842561193
4940386375
5040186955
5142002448
5245873053
5351839661
5459943845
5570227866
5682734677
5797507915
5914591901
6034031650
6155872856
6280161909
6406945879
6536272527
6668190301
6802748332
6939996447
7079985151
7222765638
7368389798
7516910197
7668380092
7822853430
7980384842
8141029647
8304843851
8471884149
8642207921
8815873235
8992938844
9173464193
9357509410
9545135315
9736403409
9931375884
10130115617
10332686174
10539151810
10749577462
10964028758
11182572013
11405274228
